999
2 1000
2 1001
2 1002
2 1003
2 1004
2 1005
2 1006
2 1007
2 1008
2 1009
2 1010
2 1011
2 1012
2 1013
2 1014
2 1015
2 1016
2 1017
2 1018
2 1019
2 1020
2 1021
2 1022
2 1023
2 1000
2 1001
2 1002
2 1003
2 1004
2 1005
2 1006
2 1007
2 1008
2 1009
2 1010
2 1011
2 1012
2 1013
2 1014
2 1015
2 1016
2 1017
2 1018
2 1019
2 1020
2 1021
2 1022
2 1023
2 1000
2 1001
2 1002
2 1003
2 1004
2 1005
2 1006
2 1007
2 1008
2 1009
2 1010
2 1011
2 1012
2 1013
2 1014
2 1015
2 1016
2 1017
2 1018
2 1019
2 1020
2 1021
2 1022
2 1023
2 1000
2 1001
2 1002
2 1003
2 1004
2 1005
2 1006
2 1007
2 1008
2 1009
2 1010
2 1011
2 1012
2 1013
2 1014
2 1015
2 1016
2 1017
2 1018
2 1019
2 1020
2 1021
2 1022
2 1023
2 1000
2 1001
2 1002
2 1003
2 1004
2 1005
2 1006
2 1007
2 1008
2 1009
2 1010
2 1011
2 1012
2 1013
2 1014
2 1015
2 1016
2 1017
2 1018
2 1019
2 1020
2 1021
2 1022
2 1023
2 1000
2 1001
2 1002
2 1003
2 1004
2 1005
2 1006
2 1007
2 1008
2 1009
2 1010
2 1011
2 1012
2 1013
2 1014
2 1015
2 1016
2 1017
2 1018
2 1019
2 1020
2 1021
2 1022
2 1023
2 1000
2 1001
2 1002
2 1003
2 1004
2 1005
2 1006
2 1007
2 1008
2 1009
2 1010
2 1011
2 1012
2 1013
2 1014
2 1015
2 1016
2 1017
2 1018
2 1019
2 1020
2 1021
2 1022
2 1023
2 1000
2 1001
2 1002
2 1003
2 1004
2 1005
2 1006
2 1007
2 1008
2 1009
2 1010
2 1011
2 1012
2 1013
2 1014
2 1015
2 1016
2 1017
2 1018
2 1019
2 1020
2 1021
2 1022
2 1023
2 1000
2 1001
2 1002
2 1003
2 1004
2 1005
2 1006
2 1007
2 1008
2 1009
2 1010
2 1011
2 1012
2 1013
2 1014
2 1015
2 1016
2 1017
2 1018
2 1019
2 1020
2 1021
2 1022
2 1023
2 1000
2 1001
2 1002
2 1003
2 1004
2 1005
2 1006
2 1007
2 1008
2 1009
2 1010
2 1011
2 1012
2 1013
2 1014
2 1015
2 1016
2 1017
2 1018
2 1019
2 1020
2 1021
2 1022
2 1023
2 1000
2 1001
2 1002
2 1003
2 1004
2 1005
2 1006
2 1007
2 1008
2 1009
2 1010
2 1011
2 1012
2 1013
2 1014
2 1015
2 1016
2 1017
2 1018
2 1019
2 1020
2 1021
2 1022
2 1023
2 1000
2 1001
2 1002
2 1003
2 1004
2 1005
2 1006
2 1007
2 1008
2 1009
2 1010
2 1011
2 1012
2 1013
2 1014
2 1015
2 1016
2 1017
2 1018
2 1019
2 1020
2 1021
2 1022
2 1023
2 1000
2 1001
2 1002
2 1003
2 1004
2 1005
2 1006
2 1007
2 1008
2 1009
2 1010
2 1011
2 1012
2 1013
2 1014
2 1015
2 1016
2 1017
2 1018
2 1019
2 1020
2 1021
2 1022
2 1023
2 1000
2 1001
2 1002
2 1003
2 1004
2 1005
2 1006
2 1007
2 1008
2 1009
2 1010
2 1011
2 1012
2 1013
2 1014
2 1015
2 1016
2 1017
2 1018
2 1019
2 1020
2 1021
2 1022
2 1023
2 1000
2 1001
2 1002
2 1003
2 1004
2 1005
2 1006
2 1007
2 1008
2 1009
2 1010
2 1011
2 1012
2 1013
2 1014
2 1015
2 1016
2 1017
2 1018
2 1019
2 1020
2 1021
2 1022
2 1023
2 1000
2 1001
2 1002
2 1003
2 1004
2 1005
2 1006
2 1007
2 1008
2 1009
2 1010
2 1011
2 1012
2 1013
2 1014
2 1015
2 1016
2 1017
2 1018
2 1019
2 1020
2 1021
2 1022
2 1023
2 1000
2 1001
2 1002
2 1003
2 1004
2 1005
2 1006
2 1007
2 1008
2 1009
2 1010
2 1011
2 1012
2 1013
2 1014
2 1015
2 1016
2 1017
2 1018
2 1019
2 1020
2 1021
2 1022
2 1023
2 1000
2 1001
2 1002
2 1003
2 1004
2 1005
2 1006
2 1007
2 1008
2 1009
2 1010
2 1011
2 1012
2 1013
2 1014
2 1015
2 1016
2 1017
2 1018
2 1019
2 1020
2 1021
2 1022
2 1023
2 1000
2 1001
2 1002
2 1003
2 1004
2 1005
2 1006
2 1007
2 1008
2 1009
2 1010
2 1011
2 1012
2 1013
2 1014
2 1015
2 1016
2 1017
2 1018
2 1019
2 1020
2 1021
2 1022
2 1023
2 1000
2 1001
2 1002
2 1003
2 1004
2 1005
2 1006
2 1007
2 1008
2 1009
2 1010
2 1011
2 1012
2 1013
2 1014
2 1015
2 1016
2 1017
2 1018
2 1019
2 1020
2 1021
2 1022
2 1023
2 1000
2 1001
2 1002
2 1003
2 1004
2 1005
2 1006
2 1007
2 1008
2 1009
2 1010
2 1011
2 1012
2 1013
2 1014
2 1015
2 1016
2 1017
2 1018
2 1019
2 1020
2 1021
2 1022
2 1023
2 1000
2 1001
2 1002
2 1003
2 1004
2 1005
2 1006
2 1007
2 1008
2 1009
2 1010
2 1011
2 1012
2 1013
2 1014
2 1015
2 1016
2 1017
2 1018
2 1019
2 1020
2 1021
2 1022
2 1023
2 1000
2 1001
2 1002
2 1003
2 1004
2 1005
2 1006
2 1007
2 1008
2 1009
2 1010
2 1011
2 1012
2 1013
2 1014
2 1015
2 1016
2 1017
2 1018
2 1019
2 1020
2 1021
2 1022
2 1023
2 1000
2 1001
2 1002
2 1003
2 1004
2 1005
2 1006
2 1007
2 1008
2 1009
2 1010
2 1011
2 1012
2 1013
2 1014
2 1015
2 1016
2 1017
2 1018
2 1019
2 1020
2 1021
2 1022
2 1023
2 1000
2 1001
2 1002
2 1003
2 1004
2 1005
2 1006
2 1007
2 1008
2 1009
2 1010
2 1011
2 1012
2 1013
2 1014
2 1015
2 1016
2 1017
2 1018
2 1019
2 1020
2 1021
2 1022
2 1023
2 1000
2 1001
2 1002
2 1003
2 1004
2 1005
2 1006
2 1007
2 1008
2 1009
2 1010
2 1011
2 1012
2 1013
2 1014
2 1015
2 1016
2 1017
2 1018
2 1019
2 1020
2 1021
2 1022
2 1023
2 1000
2 1001
2 1002
2 1003
2 1004
2 1005
2 1006
2 1007
2 1008
2 1009
2 1010
2 1011
2 1012
2 1013
2 1014
2 1015
2 1016
2 1017
2 1018
2 1019
2 1020
2 1021
2 1022
2 1023
2 1000
2 1001
2 1002
2 1003
2 1004
2 1005
2 1006
2 1007
2 1008
2 1009
2 1010
2 1011
2 1012
2 1013
2 1014
2 1015
2 1016
2 1017
2 1018
2 1019
2 1020
2 1021
2 1022
2 1023
2 1000
2 1001
2 1002
2 1003
2 1004
2 1005
2 1006
2 1007
2 1008
2 1009
2 1010
2 1011
2 1012
2 1013
2 1014
2 1015
2 1016
2 1017
2 1018
2 1019
2 1020
2 1021
2 1022
2 1023
2 1000
2 1001
2 1002
2 1003
2 1004
2 1005
2 1006
2 1007
2 1008
2 1009
2 1010
2 1011
2 1012
2 1013
2 1014
2 1015
2 1016
2 1017
2 1018
2 1019
2 1020
2 1021
2 1022
2 1023
2 1000
2 1001
2 1002
2 1003
2 1004
2 1005
2 1006
2 1007
2 1008
2 1009
2 1010
2 1011
2 1012
2 1013
2 1014
2 1015
2 1016
2 1017
2 1018
2 1019
2 1020
2 1021
2 1022
2 1023
2 1000
2 1001
2 1002
2 1003
2 1004
2 1005
2 1006
2 1007
2 1008
2 1009
2 1010
2 1011
2 1012
2 1013
2 1014
2 1015
2 1016
2 1017
2 1018
2 1019
2 1020
2 1021
2 1022
2 1023
2 1000
2 1001
2 1002
2 1003
2 1004
2 1005
2 1006
2 1007
2 1008
2 1009
2 1010
2 1011
2 1012
2 1013
2 1014
2 1015
2 1016
2 1017
2 1018
2 1019
2 1020
2 1021
2 1022
2 1023
2 1000
2 1001
2 1002
2 1003
2 1004
2 1005
2 1006
2 1007
2 1008
2 1009
2 1010
2 1011
2 1012
2 1013
2 1014
2 1015
2 1016
2 1017
2 1018
2 1019
2 1020
2 1021
2 1022
2 1023
2 1000
2 1001
2 1002
2 1003
2 1004
2 1005
2 1006
2 1007
2 1008
2 1009
2 1010
2 1011
2 1012
2 1013
2 1014
2 1015
2 1016
2 1017
2 1018
2 1019
2 1020
2 1021
2 1022
2 1023
2 1000
2 1001
2 1002
2 1003
2 1004
2 1005
2 1006
2 1007
2 1008
2 1009
2 1010
2 1011
2 1012
2 1013
2 1014
2 1015
2 1016
2 1017
2 1018
2 1019
2 1020
2 1021
2 1022
2 1023
2 1000
2 1001
2 1002
2 1003
2 1004
2 1005
2 1006
2 1007
2 1008
2 1009
2 1010
2 1011
2 1012
2 1013
2 1014
2 1015
2 1016
2 1017
2 1018
2 1019
2 1020
2 1021
2 1022
2 1023
2 1000
2 1001
2 1002
2 1003
2 1004
2 1005
2 1006
2 1007
2 1008
2 1009
2 1010
2 1011
2 1012
2 1013
2 1014
2 1015
2 1016
2 1017
2 1018
2 1019
2 1020
2 1021
2 1022
2 1023
2 1000
2 1001
2 1002
2 1003
2 1004
2 1005
2 1006
2 1007
2 1008
2 1009
2 1010
2 1011
2 1012
2 1013
2 1014
2 1015
2 1016
2 1017
2 1018
2 1019
2 1020
2 1021
2 1022
2 1023
2 1000
2 1001
2 1002
2 1003
2 1004
2 1005
2 1006
2 1007
2 1008
2 1009
2 1010
2 1011
2 1012
2 1013
2 1014
2 1015
2 1016
2 1017
2 1018
2 1019
2 1020
2 1021
2 1022
2 1023
2 1000
2 1001
2 1002
2 1003
2 1004
2 1005
2 1006
2 1007
2 1008
2 1009
2 1010
2 1011
2 1012
2 1013
2 1014
2 1015
2 1016
2 1017
2 1018
2 1019
2 1020
2 1021
2 1022
2 1023
2 1000
2 1001
2 1002
2 1003
2 1004
2 1005
2 1006
2 1007
2 1008
2 1009
2 1010
2 1011
2 1012
2 1013
2 1014
2 1015
2 1016
2 1017
2 1018
2 1019
2 1020
2 1021
2 1022
2 1023
2 1000
2 1001
2 1002
2 1003
2 1004
2 1005
2 1006
2 1007
2 1008
2 1009
2 1010
2 1011
2 1012
2 1013
2 1014
2 1015
2 1016
2 1017
2 1018
2 1019
2 1020
2 1021
2 1022
2 1023
2 1000
2 1001
2 1002
2 1003
2 1004
2 1005
2 1006
2 1007
2 1008
2 1009
2 1010
2 1011
2 1012
2 1013
2 1014
2 1015
2 1016
2 1017
2 1018
2 1019
2 1020
2 1021
2 1022
2 1023
2 1000
2 1001
2 1002
2 1003
2 1004
2 1005
2 1006
2 1007
2 1008
2 1009
2 1010
2 1011
2 1012
2 1013
2 1014
2 1015
2 1016
2 1017
2 1018
2 1019
2 1020
2 1021
2 1022
2 1023
2 1000
2 1001
2 1002
2 1003
2 1004
2 1005
2 1006
2 1007
2 1008
2 1009
2 1010
2 1011
2 1012
2 1013
2 1014
2 1015
2 1016
2 1017
2 1018
2 1019
2 1020
2 1021
2 1022
2 1023
2 1000
2 1001
2 1002
2 1003
2 1004
2 1005
2 1006
2 1007
2 1008
2 1009
2 1010
2 1011
2 1012
2 1013
2 1014
2 1015
2 1016
2 1017
2 1018
2 1019
2 1020
2 1021
2 1022
2 1023
2 1000
2 1001
2 1002
2 1003
2 1004
2 1005
2 1006
2 1007
2 1008
2 1009
2 1010
2 1011
2 1012
2 1013
2 1014
2 1015
2 1016
2 1017
2 1018
2 1019
2 1020
2 1021
2 1022
2 1023
2 1000
2 1001
2 1002
2 1003
2 1004
2 1005
2 1006
2 1007
2 1008
2 1009
2 1010
2 1011
2 1012
2 1013
2 1014
2 1015
2 1016
2 1017
2 1018
2 1019
2 1020
2 1021
2 1022
2 1023
2 1000
2 1001
2 1002
2 1003
2 1004
2 1005
2 1006
2 1007
2 1008
2 1009
2 1010
2 1011
2 1012
2 1013
2 1014
2 1015
2 1016
2 1017
2 1018
2 1019
2 1020
2 1021
2 1022
2 1023
2 1000
2 1001
2 1002
2 1003
2 1004
2 1005
2 1006
2 1007
2 1008
2 1009
2 1010
2 1011
2 1012
2 1013
2 1014
2 1015
2 1016
2 1017
2 1018
2 1019
2 1020
2 1021
2 1022
2 1023
